1 0789 79 671 s
1 0799 27 535 b
1 0809 75 631 b
1 0822 56 495 s
1 0831 4 591 b
1 0841 53 688 b
1 0854 33 552 s
1 0864 81 648 b
1 0547 30 512 b
1 0557 78 608 s
1 0570 59 472 b
1 0580 7 569 b
1 0590 55 433 s
1 0600 36 529 b
1 0613 84 393 s
1 0622 33 489 s
1 0632 13 585 b
1 0642 61 450 s
1 0655 10 546 s
1 0665 90 410 b
1 0675 39 506 s
1 0688 87 370 s
1 0698 67 467 b
1 0707 16 331 s
1 0717 64 427 s
1 0730 45 291 b
1 0740 93 387 s
1 0750 41 483 s
1 0760 22 348 b
1 0773 70 444 s
1 0782 19 308 s
1 0792 99 404 b
1 0802 48 268 s
1 0815 96 364 b
1 0825 76 229 b
1 0835 25 325 s
1 0845 73 189 b
1 0858 54 285 b
1 0867 2 381 s
1 0551 50 245 b
1 0564 31 342 b
1 0574 79 206 s
1 0583 28 302 b
1 0593 8 166 b
1 0606 56 262 s
1 0616 5 126 b
1 0626 85 223 b
1 0636 34 87 s
1 0649 82 183 b
1 0658 62 279 s
1 0668 11 143 s
1 0678 59 239 b
1 0691 40 104 s
1 0701 88 200 s
1 0711 36 64 b
1 0724 17 160 s
1 0734 65 24 s
1 0743 14 121 b
1 0753 94 985 s
1 0766 42 81 s
1 0776 91 177 b
1 0786 71 41 s
1 0796 20 137 s
1 0809 68 2 b
1 0818 49 98 s
1 0828 97 962 b
1 0838 45 58 b
1 0851 26 922 s
1 0861 74 18 b
1 0871 23 883 b
1 0557 71 979 s
1 0567 51 75 b
1 0577 0 939 b
1 0587 48 35 s
1 0600 29 899 b
1 0609 77 996 b
1 0619 25 860 s
1 0629 6 956 b
1 0642 54 820 b
1 0652 3 916 s
1 0662 83 780 b
1 0671 31 877 b
1 0685 80 973 s
1 0694 60 837 b
1 0704 9 933 s
1 0717 57 797 s
1 0727 37 893 b
1 0737 86 758 s
1 0747 34 854 s
1 0760 15 718 b
1 0769 63 814 s
1 0779 11 678 s
1 0789 92 775 b
1 0802 40 871 s
1 0812 89 735 s
1 0822 69 831 b
1 0831 18 695 s
1 0845 66 791 s
1 0854 46 656 b
1 0864 95 752 s
3 0043
3 0024
2 0782
3 0020
3 0001
2 0707
3 0098
2 0802
2 0632
3 0075
2 0727
3 0004
3 0052
2 0652
3 0081
2 0642
2 0580
3 0058
2 0567
2 0831
3 0035
2 0822
3 0064
3 0013
2 0747
3 0041
2 0841
2 0671
3 0019
2 0766
3 0015
3 0096
2 0691
3 0093
3 0041
2 0616
3 0070
2 0606
2 0871
3 0047
2 0858
3 0076
3 0024
2 0786
3 0053
2 0551
2 0711
3 0030
2 0805
2 0636
3 0007
2 0730
3 0004
3 0085
2 0655
3 0082
2 0750
2 0580
3 0059
2 0675
3 0088
3 0036
2 0600
3 0065
2 0590
2 0854
3 0042
2 0841
2 0779
3 0019
2 0769
3 0048
3 0096
2 0694
3 0025
2 0789
2 0619
3 0002
2 0714
3 0099
3 0080
2 0639
3 0076
3 0057
2 0564
3 0054
2 0658
2 0818
3 0031
2 0583
3 0060
3 0008
2 0838
3 0037
2 0825
2 0658
3 0014
2 0753
2 0583
3 0091
0