1 0806 44 769 s
1 0815 92 633 s
1 0829 73 729 b
1 0838 21 594 s
1 0848 69 690 s
1 0858 50 786 b
1 0871 98 650 s
1 0881 47 746 s
1 0891 27 610 b
1 0900 76 707 s
1 0913 24 571 s
1 0923 4 667 b
1 0933 53 531 s
1 0943 1 627 s
1 0956 82 491 b
1 0966 30 588 s
1 0976 78 684 s
1 0989 59 548 b
1 0998 7 644 s
1 0008 56 508 b
1 0018 36 604 b
1 0704 84 469 s
1 0714 33 565 b
1 0724 13 429 b
1 0734 62 525 s
1 0747 10 389 b
1 0757 90 485 b
1 0767 39 582 s
1 0776 87 446 b
1 0789 68 542 b
1 0799 16 406 s
1 0809 64 502 b
1 0822 45 367 b
1 0832 93 463 s
1 0842 42 327 b
1 0851 22 423 s
1 0864 70 287 s
1 0874 19 383 b
1 0884 99 480 s
1 0894 48 344 s
1 0907 96 440 b
1 0917 77 304 s
1 0927 25 400 s
1 0936 73 264 b
1 0949 54 361 s
1 0959 2 225 s
1 0969 51 321 b
1 0979 31 185 s
1 0992 79 281 s
1 0002 28 377 b
1 0011 8 242 s
1 0024 57 338 b
1 0708 5 202 b
1 0718 53 298 s
1 0727 34 162 b
1 0740 82 258 b
1 0750 31 123 s
1 0760 11 219 b
1 0770 59 83 b
1 0783 8 179 s
1 0793 88 275 b
1 0812 85 236 s
1 0825 65 100 b
1 0835 14 196 b
1 0845 62 60 s
1 0858 43 156 b
1 0868 91 21 b
1 0878 39 117 s
1 0887 20 981 b
1 0900 68 77 s
1 0910 17 173 s
1 0920 97 37 b
1 0930 46 134 s
1 0943 94 998 s
1 0953 74 94 b
1 0962 23 958 s
1 0972 71 54 s
1 0985 52 918 b
1 0995 0 15 s
1 0005 48 879 s
1 0018 29 975 b
1 0028 77 71 s
1 0711 26 935 s
1 0721 6 31 b
1 0734 54 896 s
1 0744 3 992 b
1 0753 83 856 b
1 0763 32 952 s
1 0776 80 816 b
1 0786 60 912 b
1 0796 9 777 s
1 0806 57 873 b
1 0819 38 969 b
1 0829 86 833 s
1 0838 34 929 b
1 0851 15 793 b
1 0861 63 890 s
1 0871 12 754 b
1 0881 92 850 b
1 0894 40 714 s
1 0904 89 810 b
1 0913 69 675 s
1 0923 18 771 s
1 0936 66 867 b
1 0946 47 731 s
1 0956 95 827 s
1 0966 43 691 b
1 0979 24 788 s
1 0989 72 652 s
1 0998 21 748 b
1 0008 1 612 s
1 0021 49 708 s
1 0704 98 572 b
1 0714 46 669 s
1 0727 27 765 s
1 0737 75 629 b
1 0747 23 725 s
1 0757 4 589 s
1 0770 52 685 b
1 0780 1 550 s
1 0789 81 646 b
1 0799 29 510 b
1 0812 78 606 s
1 0822 58 470 b
1 0832 7 566 b
1 0842 55 663 s
1 0855 35 527 b
1 0864 84 623 b
1 0874 32 487 s
1 0887 13 583 b
1 0897 61 447 b
1 0907 9 544 s
1 0917 90 408 b
1 0930 38 504 b
1 0940 87 368 s
1 0949 67 464 b
1 0959 16 561 s
1 0972 64 425 s
1 0982 44 521 b
1 0992 93 385 s
1 0002 41 481 s
1 0015 22 345 b
1 0024 70 442 s
1 0708 18 306 s
1 0721 99 402 b
1 0731 47 266 s
1 0740 96 362 s
1 0750 76 458 b
1 0763 24 323 s
1 0773 73 419 s
1 0783 53 283 b
1 0793 2 379 s
1 0806 50 243 b
1 0815 30 339 b
1 0825 79 204 s
1 0835 27 300 b
1 0848 8 164 b
1 0858 56 260 s
1 0868 4 356 b
1 0881 85 220 b
1 0891 33 317 s
1 0900 82 181 b
1 0910 62 277 b
1 0923 10 141 s
1 0933 59 237 b
1 0943 39 101 b
1 0953 88 198 s
1 0966 36 62 b
1 0976 17 158 b
1 0985 65 254 s
1 0995 13 118 b
1 0008 94 215 s
1 0018 42 79 s
1 0028 91 175 b
1 0711 71 39 s
1 0724 19 135 s
1 0734 68 999 b
1 0744 16 96 s
1 0757 97 960 s
1 0767 45 56 b
1 0776 93 152 s
1 0786 74 16 s
1 0799 22 112 b
1 0809 71 977 s
1 0819 51 73 s
1 0829 99 937 b
1 0842 48 33 s
1 0851 28 897 b
1 0861 77 993 b
1 0871 25 858 s
1 0884 5 954 b
1 0894 54 50 b
1 0904 2 914 s
1 0917 83 10 b
1 0927 31 874 b
1 0936 80 971 s
1 0946 60 835 b
1 0959 8 931 b
1 0969 57 795 s
1 0979 37 891 b
1 0989 86 755 b
1 0002 34 852 s
1 0011 14 948 b
1 0021 63 812 s
1 0704 11 908 s
1 0718 92 772 b
1 0727 40 869 s
1 0737 88 733 s
1 0750 69 829 b
1 0760 17 693 s
1 0770 66 789 s
1 0780 46 653 b
1 0793 94 750 s
1 0802 43 846 s
1 0812 23 710 b
1 0822 72 806 s
1 0835 20 670 s
1 0845 0 766 b
1 0855 49 631 s
1 0864 97 727 s
1 0878 78 591 b
1 0887 26 687 s
1 0897 74 551 b
1 0910 55 647 b
1 0920 3 744 s
1 0930 52 608 b
1 0940 32 704 b
1 0953 81 568 s
1 0962 29 664 b
1 0972 9 528 b
1 0982 58 625 s
1 0995 6 489 b
1 0005 87 585 b
1 0015 35 449 s
1 0024 83 545 b
1 0711 64 641 b
1 0721 12 506 s
1 0731 61 602 b
1 0740 9 466 s
1 0753 89 562 s
1 0763 38 426 b
1 0773 86 523 s
1 0786 67 387 s
1 0796 15 483 b
1 0806 63 347 s
1 0815 44 443 s
1 0829 92 539 b
1 0838 41 404 s
1 0848 21 500 s
1 0858 69 364 b
1 0871 18 460 s
1 0881 98 324 s
1 0891 47 420 b
1 0900 95 285 s
1 0913 75 381 b
1 0923 24 245 b
1 0933 72 341 s
1 0946 53 437 b
1 0956 1 301 b
1 0966 50 398 s
1 0976 30 262 b
1 0989 78 358 b
1 0998 27 222 s
1 0008 7 318 b
1 0018 56 182 b
1 0704 4 279 s
1 0714 84 143 b
1 0724 33 239 b
1 0734 81 335 s
1 0747 62 199 b
1 0757 10 295 b
1 0767 58 160 s
1 0780 39 256 b
1 0789 87 120 s
1 0799 36 216 s
1 0809 16 80 b
1 0822 64 177 s
1 0832 13 41 s
1 0842 93 137 b
1 0851 42 233 s
1 0864 90 97 s
1 0874 70 193 b
1 0884 19 58 s
1 0894 67 154 s
1 0907 48 18 b
1 0917 96 114 s
1 0927 44 978 s
1 0940 25 74 b
1 0949 73 939 s
1 0959 22 35 b
1 0969 2 131 b
1 0982 51 995 s
1 0992 99 91 b
1 0002 79 955 b
1 0011 28 52 s
1 0024 76 916 b
1 0708 57 12 b
1 0718 5 876 s
1 0727 53 972 b
1 0740 34 836 b
1 0750 82 933 s
1 0760 31 29 b
1 0770 79 893 b
1 0783 59 989 s
1 0793 8 853 b
1 0802 56 949 s
1 0815 37 814 s
1 0825 85 910 b
1 0835 33 774 s
1 0845 14 870 s
1 0858 62 734 b
1 0868 11 831 s
1 0878 91 695 s
1 0887 39 791 b
1 0900 88 887 s
1 0910 68 751 s
1 0920 17 847 b
1 0930 65 712 s
1 0943 45 808 s
1 0953 94 672 b
1 0962 42 768 s
1 0976 23 632 s
1 0985 71 728 b
1 0995 20 593 s
1 0005 0 689 b
1 0018 48 785 b
1 0028 97 649 s
1 0711 77 745 b
1 0721 26 609 b
1 0734 74 706 s
1 0744 54 570 b
1 0753 3 666 b
1 0763 51 530 s
1 0776 32 626 b
1 0786 80 490 b
1 0796 28 587 s
1 0809 9 683 b
1 0819 57 547 b
1 0829 6 643 s
1 0838 86 507 b
1 0851 34 603 s
1 0861 83 468 s
1 0871 63 564 b
1 0881 12 428 s
1 0894 60 524 s
1 0904 40 388 b
1 0913 89 485 s
1 0923 37 581 s
1 0936 18 445 b
1 0946 66 541 s
1 0956 14 405 s
1 0969 95 501 b
1 0979 43 366 s
1 0989 92 462 s
1 0998 72 326 b
1 0011 21 422 s
1 0021 69 286 b
1 0704 49 382 b
1 0714 98 479 s
1 0727 46 343 b
1 0737 27 439 b
1 0747 75 303 s
1 0757 23 399 b
1 0770 72 263 b
1 0780 52 360 s
1 0789 1 224 b
1 0799 49 320 b
1 0812 29 184 s
1 0822 78 280 b
1 0832 26 376 b
1 0845 7 241 s
1 0855 55 337 b
1 0864 3 201 b
1 0874 84 297 s
1 0887 32 161 b
1 0897 81 257 s
1 0907 61 122 s
1 0917 9 218 b
1 0930 58 82 s
1 0940 38 178 s
1 0949 87 274 b
1 0959 35 139 s
1 0972 15 235 s
1 0982 64 99 b
1 0992 12 195 s
1 0005 93 59 s
1 0015 41 155 b
1 0024 90 20 s
1 0708 70 116 s
1 0721 18 980 b
1 0731 67 76 s
1 0740 47 172 b
1 0750 96 36 b
1 0763 44 133 s
1 0773 24 997 b
1 0783 73 93 b
1 0793 21 957 s
1 0806 2 53 b
1 0815 50 917 b
1 0825 98 14 s
1 0838 79 878 b
1 0848 27 974 b
1 0858 76 70 s
1 0868 56 934 b
1 0881 4 30 b
1 0891 53 895 s
1 0900 33 991 b
1 0910 82 855 s
1 0923 30 951 s
1 0933 10 815 b
1 0943 59 911 s
1 0953 7 776 s
1 0966 88 872 b
1 0976 36 968 s
1 0985 85 832 s
1 0995 65 928 b
1 0008 13 793 s
1 0018 62 889 s
1 0028 42 753 b
1 0714 91 849 s
1 0724 39 713 s
1 0734 19 809 b
1 0744 68 674 s
1 0757 16 770 s
1 0767 97 866 b
1 0776 45 730 s
1 0786 93 826 b
1 0799 42 690 b
1 0809 22 787 s
1 0819 71 651 b
1 0829 19 747 b
1 0842 99 611 s
1 0851 48 707 b
1 0861 96 571 b
1 0874 77 668 s
1 0884 25 764 b
1 0894 73 628 b
1 0904 54 724 s
1 0917 2 588 b
1 0927 51 684 b
1 0936 31 549 s
1 0946 79 645 b
1 0959 28 509 s
1 0969 8 605 s
1 0979 57 469 b
1 0989 5 565 s
1 0002 86 662 s
1 0011 34 526 b
1 0021 82 622 s
1 0708 63 486 s
1 0718 11 582 b
1 0727 60 447 s
1 0737 40 543 s
1 0750 88 407 b
1 0760 37 503 s
1 0770 17 367 s
1 0780 66 463 b
1 0793 14 560 s
1 0802 94 424 b
1 0812 43 520 b
1 0822 91 384 s
1 0835 72 480 b
1 0845 20 344 b
1 0855 68 441 s
1 0868 49 305 b
1 0878 97 401 b
1 0887 46 265 s
1 0897 26 361 b
1 0910 74 457 b
1 0920 23 322 s
1 0930 3 418 b
1 0940 52 282 b
1 0953 0 378 s
1 0962 80 242 b
1 0972 29 338 b
1 0982 77 203 s
1 0995 58 299 b
1 0005 6 163 s
1 0015 55 259 s
1 0024 35 355 b
1 0711 83 219 s
1 0721 32 316 s
1 0731 12 180 b
1 0744 61 276 s
1 0753 9 140 s
1 0763 89 236 b
1 0773 38 101 s
1 0786 86 197 s
1 0796 35 61 b
1 0806 15 157 s
1 0815 63 253 s
1 0829 12 117 b
1 0838 92 214 s
1 0848 41 78 b
1 0858 89 174 b
1 0871 69 38 s
1 0881 18 134 b
1 0891 66 998 b
1 0904 47 95 s
1 0913 95 959 b
1 0923 43 55 b
1 0933 24 151 s
1 0946 72 15 b
1 0956 21 111 b
1 0966 1 976 s
1 0976 49 72 b
1 0989 98 936 b
1 0998 78 32 s
1 0008 27 896 b
1 0018 75 992 s
1 0704 56 857 s
1 0714 4 953 b
1 0724 52 49 s
1 0737 33 913 s
1 0747 81 9 b
1 0757 30 874 s
1 0767 10 970 s
1 0780 58 834 b
1 0789 7 930 s
1 0799 87 794 s
1 0809 36 890 b
1 0822 84 755 s
1 0832 64 851 s
1 0842 13 947 b
1 0851 61 811 s
1 0864 42 907 s
1 0874 90 771 b
1 0884 38 868 s
1 0897 19 732 b
1 0907 67 828 b
1 0917 16 692 s
1 0927 96 788 b
1 0940 44 652 b
1 0949 93 749 s
1 0959 73 845 b
1 0969 22 709 b
1 0982 70 805 s
1 0992 50 669 b
1 0002 99 765 b
1 0011 47 630 s
1 0024 28 726 b
1 0708 76 590 b
1 0718 25 686 s
1 0727 5 550 b
1 0740 53 646 s
1 0750 2 743 s
1 0760 82 607 b
1 0773 31 703 s
1 0783 79 567 s
1 0793 59 663 b
1 0802 8 528 s
1 0815 56 624 s
1 0825 5 488 b
1 0835 85 584 s
1 0845 33 448 s
1 0858 82 544 b
1 0868 62 641 s
1 0878 11 505 s
1 0887 59 601 b
1 0900 39 465 s
1 0910 88 561 b
1 0920 36 425 b
1 0933 17 522 s
1 0943 65 386 b
1 0953 13 482 b
1 0962 94 346 s
1 0976 42 442 b
1 0985 91 538 b
1 0995 71 403 s
1 0005 19 499 b
1 0018 68 363 b
1 0028 48 459 s
1 0711 97 323 b
1 0721 45 419 b
1 0734 26 284 s
1 0744 74 380 b
1 0753 22 244 b
1 0767 3 340 s
1 0776 51 436 b
1 0786 0 300 s
1 0796 80 397 s
1 0809 28 261 b
1 0819 77 357 s
1 0829 57 221 s
1 0838 6 317 b
1 0851 54 182 s
1 0861 34 278 s
1 0871 83 142 b
1 0881 31 238 s
1 0894 12 334 s
1 0904 60 198 b
1 0913 8 295 s
1 0927 89 159 s
1 0936 37 255 b
1 0946 86 119 s
1 0956 66 215 b
1 0969 14 79 b
1 0979 63 176 s
1 0989 43 40 b
1 0998 92 136 b
1 0011 40 232 s
1 0021 20 96 b
1 0704 69 192 b
1 0714 17 57 s
1 0727 98 153 b
1 0737 46 17 b
1 0747 95 113 s
1 0757 75 977 b
1 0770 23 73 b
1 0780 72 938 s
1 0789 52 34 b
1 0802 1 130 s
1 0812 49 994 s
1 0822 29 90 b
1 0832 78 954 s
1 0845 26 51 s
1 0855 75 915 b
1 0864 55 11 s
1 0874 3 875 s
1 0887 52 971 b
1 0897 32 836 s
1 0907 81 932 s
1 0917 29 28 b
1 0930 9 892 s
1 0940 58 988 s
1 0949 6 852 b
1 0962 87 949 s
1 0972 35 813 s
1 0982 83 909 b
1 0992 64 773 s
1 0005 12 869 b
1 0015 61 733 b
1 0024 41 830 s
1 0708 89 694 b
1 0721 38 790 b
1 0731 18 886 s
1 0740 67 750 b
1 0750 15 846 b
1 0763 96 711 s
1 0773 44 807 b
1 0783 92 671 b
1 0796 73 767 s
1 0806 21 631 b
1 0815 70 727 b
1 0825 50 592 s
1 0838 98 688 b
1 0848 47 784 s
1 0858 27 648 s
1 0868 76 744 b
1 0881 24 608 s
1 0891 4 705 s
1 0900 53 569 b
1 0910 1 665 s
1 0923 82 529 s
1 0933 30 625 b
1 0943 78 490 s
1 0956 59 586 s
1 0966 7 682 b
1 0976 56 546 s
1 0985 36 642 s
1 0998 84 506 b
1 0008 33 603 s
1 0018 13 467 b
1 0028 62 563 b
1 0714 10 427 s
1 0724 91 523 b
1 0734 39 387 b
1 0744 87 484 s
1 0757 68 580 b
1 0767 16 444 b
1 0776 65 540 s
1 0786 45 404 b
1 0799 93 500 b
1 0809 42 365 s
1 0819 22 461 b
1 0832 71 325 b
1 0842 19 421 s
1 0851 67 285 b
1 0861 48 381 b
1 0874 96 478 s
1 0884 45 342 b
1 0894 25 438 s
1 0904 73 302 s
1 0917 22 398 b
1 0927 2 262 s
1 0936 51 359 s
1 0946 99 223 b
1 0959 79 319 s
1 0969 28 183 s
1 0979 76 279 b
1 0992 57 376 s
1 0002 5 240 s
1 0011 53 336 b
1 0021 34 200 s
1 0708 82 296 s
1 0718 31 160 b
1 0727 11 257 s
1 0737 60 121 b
1 0750 8 217 b
1 0760 88 81 s
1 0770 37 177 b
1 0780 85 273 b
1 0793 66 138 s
1 0802 14 234 b
1 0812 62 98 b
1 0825 43 194 s
1 0835 91 58 b
1 0845 40 154 b
1 0855 20 19 s
1 0868 68 115 b
1 0878 17 979 b
1 0887 97 75 s
1 0897 46 171 b
1 0910 94 35 s
1 0920 74 132 s
1 0930 23 996 b
1 0940 71 92 s
1 0953 52 956 s
1 0962 0 52 b
1 0972 48 916 s
1 0982 29 13 s
1 0995 77 877 b
1 0005 26 973 s
1 0015 6 69 s
1 0028 54 933 b
1 0711 3 30 s
1 0721 83 894 s
1 0731 32 990 b
1 0744 80 854 s
1 0753 61 950 s
1 0763 9 814 b
1 0773 57 911 s
1 0786 38 775 b
1 0796 86 871 b
1 0806 35 967 s
1 0815 15 831 b
1 0829 63 927 b
1 0838 12 792 s
1 0848 92 888 b
1 0861 41 752 b
1 0871 89 848 s
1 0881 37 712 b
1 0891 18 808 b
1 0904 66 673 s
1 0913 15 769 b
1 0923 95 865 b
1 0933 43 729 s
1 0946 92 825 b
1 0956 72 689 s
1 0966 21 786 s
1 0976 69 650 b
1 0989 49 746 s
1 0998 98 610 s
1 0008 46 706 b
1 0021 27 570 s
1 0704 75 667 s
1 0714 23 763 b
1 0724 4 627 s
1 0737 52 723 s
1 0747 1 587 b
1 0757 81 684 s
1 0767 30 548 s
1 0780 78 644 b
1 0789 58 508 s
1 0799 7 604 b
1 0809 55 468 b
1 0822 36 565 s
1 0832 84 661 b
1 0842 32 525 b
1 0855 13 621 s
1 0864 61 485 b
1 0874 10 581 b
1 0884 90 446 s
1 0897 38 542 b
1 0907 87 406 b
1 0917 67 502 s
1 0927 16 366 b
1 0940 64 462 b
1 0949 44 559 s
1 0959 93 423 b
1 0969 41 519 b
1 0982 22 383 s
1 0992 70 479 b
1 0002 18 343 s
1 0011 99 440 s
1 0024 47 304 b
1 0708 96 400 s
1 0718 76 264 s
1 0731 24 360 b
1 0740 73 456 s
1 0750 53 321 s
1 0760 2 417 b
1 0773 50 281 s
1 0783 31 377 s
1 0793 79 241 b
1 0802 27 338 s
1 0815 8 202 s
1 0825 56 298 b
1 0835 5 162 s
1 0845 85 258 b
1 0858 33 354 b
1 0868 82 219 s
1 0878 30 315 b
1 0891 11 179 b
1 0900 59 275 s
1 0910 7 139 b
1 0920 88 235 b
1 0933 36 100 s
1 0943 85 196 b
1 0953 65 60 b
1 0962 13 156 s
1 0976 62 252 b
1 0985 42 116 b
1 0995 91 213 s
1 0005 39 77 b
1 0018 19 173 s
1 0028 68 37 s
1 0711 16 133 b
1 0724 97 997 s
1 0734 45 94 s
1 0744 93 958 b
1 0753 74 54 s
1 0767 22 150 s
1 0776 71 14 b
1 0786 51 110 s
1 0796 0 975 s
1 0809 48 71 b
1 0819 28 935 s
1 0829 77 31 s
1 0838 25 895 b
1 0851 6 992 s
1 0861 54 856 s
1 0871 2 952 b
1 0884 83 48 s
1 0894 31 912 b
1 0904 80 8 b
1 0913 60 873 s
1 0704 8 969 b
1 0714 57 833 b
1 0724 37 929 s
1 0734 86 793 b
1 0747 34 889 b
1 0757 14 754 s
1 0767 63 850 b
1 0776 11 946 b
1 0789 92 810 s
1 0799 40 906 b
1 0809 88 770 b
1 0819 69 867 s
1 0832 17 731 b
1 0842 66 827 s
1 0851 46 691 s
1 0864 94 787 b
1 0874 43 651 s
1 0884 23 748 s
1 0894 72 844 b
1 0907 20 708 s
1 0917 1 804 s
1 0927 49 668 b
1 0936 97 764 s
1 0949 78 629 s
1 0959 26 725 b
1 0969 75 589 s
1 0979 55 685 s
1 0992 3 549 b
1 0002 52 646 s
1 0011 0 742 b
1 0024 81 606 b
1 0708 29 702 s
1 0718 77 566 b
1 0727 58 662 b
1 0740 6 527 s
1 0750 55 623 b
1 0760 35 487 b
1 0770 83 583 s
1 0783 32 447 b
1 0793 12 543 b
1 0802 61 640 s
1 0812 9 504 b
1 0825 89 600 b
1 0835 38 464 s
1 0845 86 560 b
1 0858 67 424 b
1 0868 15 521 s
1 0878 64 385 b
1 0887 44 481 s
1 0900 92 345 s
1 0910 41 441 b
1 0920 21 537 s
1 0930 70 402 s
1 0943 18 498 b
1 0953 98 362 s
1 0962 47 458 s
1 0972 95 322 b
1 0985 76 418 s
1 0995 24 283 s
1 0005 72 379 b
1 0018 53 243 s
1 0028 1 339 s
1 0711 50 435 b
1 0721 30 300 s
1 0734 78 396 b
1 0744 27 260 b
1 0753 7 356 s
1 0763 56 220 b
1 0776 4 316 b
1 0786 84 181 s
1 0796 33 277 b
1 0806 81 141 b
1 0819 62 237 s
1 0829 10 333 b
1 0838 58 197 b
1 0848 39 294 s
1 0861 87 158 b
1 0871 36 254 b
1 0881 16 118 s
1 0894 65 214 b
1 0904 13 78 s
1 0913 93 175 s
1 0923 42 39 b
1 0936 90 135 s
1 0946 71 231 s
1 0956 19 95 b
1 0966 67 191 s
1 0979 48 56 s
1 0989 96 152 b
1 0998 45 16 s
1 0008 93 112 s
1 0021 73 976 b
1 0704 22 72 s
1 0714 70 937 s
1 0727 51 33 b
1 0737 99 129 s
1 0747 47 993 s
1 0757 28 89 b
1 0770 76 954 s
1 0780 25 50 b
1 0789 5 914 b
1 0799 53 10 s
1 0812 2 874 b
1 0822 82 970 b
1 0832 31 835 s
1 0842 79 931 b
1 0855 59 27 b
1 0864 8 891 s
1 0874 56 987 b
1 0887 37 851 b
1 0897 85 948 s
1 0907 34 812 b
1 0917 14 908 b
1 0930 62 772 s
1 0940 11 868 b
1 0949 91 732 s
1 0959 40 829 s
1 0972 88 693 b
1 0982 68 789 s
1 0992 17 885 s
1 0002 65 749 b
1 0015 46 845 s
1 0024 94 710 s
1 0708 42 806 b
1 0721 23 670 s
1 0731 71 766 s
1 0740 20 630 b
1 0750 0 726 s
1 0763 48 591 s
1 0773 97 687 b
1 0783 77 783 s
1 0793 26 647 b
1 0806 74 743 b
1 0815 54 608 s
1 0825 3 704 b
1 0835 51 568 b
1 0848 32 664 s
1 0858 80 528 b
1 0868 28 624 b
1 0878 9 489 s
1 0891 57 585 b
1 0900 6 681 b
1 0910 86 545 s
1 0923 35 641 b
1 0933 83 505 b
1 0943 63 602 s
1 0953 12 466 b
1 0966 60 562 b
1 0976 41 426 s
1 0985 89 522 b
1 0995 37 386 s
1 0008 18 483 s
1 0018 66 579 b
1 0028 15 443 s
1 0711 63 539 s
1 0724 43 403 b
1 0734 92 499 s
1 0744 40 364 s
1 0757 21 460 b
1 0767 69 324 s
1 0776 17 420 s
1 0786 98 284 b
1 0799 46 380 s
3 0095
2 0949
3 0023
3 0072
2 0874
3 0001
2 0864
2 0799
3 0078
2 0789
2 0727
3 0055
2 0718
3 0084
3 0032
2 0969
3 0061
2 0737
2 0894
3 0038
2 0989
3 0035
3 0016
2 0913
3 0012
3 0093
2 0838
3 0090
2 0933
2 0763
3 0067
2 0858
3 0096
3 0044
2 0783
3 0073
2 0773
2 0711
3 0050
2 0024
3 0079
3 0027
2 0953
3 0056
3 0005
2 0878
3 0033
2 0972
2 0802
3 0011
2 0897
3 0007
3 0056
2 0822
3 0085
2 0812
2 0747
3 0062
2 0737
2 0002
3 0039
2 0989
3 0068
3 0016
2 0917
3 0045
2 0008
2 0842
3 0022
2 0936
3 0019
3 0099
2 0861
3 0096
3 0077
2 0786
3 0074
2 0881
2 0711
3 0051
2 0806
3 0080
3 0028
2 0731
3 0057
2 0721
2 0985
3 0034
2 0972
3 0063
3 0011
2 0900
3 0040
3 0088
2 0825
3 0017
2 0920
2 0750
3 0094
2 0845
0